# epoch, loss, accuracy
0.000000000000000000e+00 4.331210327148437500e+01 5.668789744377136230e-01
1.000000000000000000e+00 4.713375854492187500e+01 5.286624431610107422e-01
2.000000000000000000e+00 4.235668945312500000e+01 5.764331221580505371e-01
3.000000000000000000e+00 3.885350418090820312e+01 6.114649772644042969e-01
4.000000000000000000e+00 4.458598709106445312e+01 5.541401505470275879e-01
5.000000000000000000e+00 4.331210327148437500e+01 5.668789744377136230e-01
6.000000000000000000e+00 4.108280181884765625e+01 5.891720056533813477e-01
7.000000000000000000e+00 4.108280181884765625e+01 5.891720056533813477e-01
8.000000000000000000e+00 3.853503417968750000e+01 6.146497130393981934e-01
9.000000000000000000e+00 4.203821563720703125e+01 5.796178579330444336e-01
1.000000000000000000e+01 4.299362945556640625e+01 5.700637102127075195e-01
1.100000000000000000e+01 3.694267654418945312e+01 6.305732727050781250e-01
1.200000000000000000e+01 4.267515945434570312e+01 5.732483863830566406e-01
1.300000000000000000e+01 4.171974563598632812e+01 5.828025341033935547e-01
1.400000000000000000e+01 4.171974563598632812e+01 5.828025341033935547e-01
1.500000000000000000e+01 4.267515945434570312e+01 5.732483863830566406e-01
1.600000000000000000e+01 3.853503417968750000e+01 6.146497130393981934e-01
1.700000000000000000e+01 4.267515945434570312e+01 5.732483863830566406e-01
1.800000000000000000e+01 3.949044799804687500e+01 6.050955653190612793e-01
1.900000000000000000e+01 4.331210327148437500e+01 5.668789744377136230e-01
2.000000000000000000e+01 3.949044799804687500e+01 6.050955653190612793e-01
2.100000000000000000e+01 4.331210327148437500e+01 5.668789744377136230e-01
2.200000000000000000e+01 3.694267654418945312e+01 6.305732727050781250e-01
2.300000000000000000e+01 4.203821563720703125e+01 5.796178579330444336e-01
2.400000000000000000e+01 3.821656036376953125e+01 6.178343892097473145e-01
2.500000000000000000e+01 4.108280181884765625e+01 5.891720056533813477e-01
2.600000000000000000e+01 4.394904708862304688e+01 5.605095624923706055e-01
2.700000000000000000e+01 4.267515945434570312e+01 5.732483863830566406e-01
2.800000000000000000e+01 3.789809036254882812e+01 6.210191249847412109e-01
2.900000000000000000e+01 4.171974563598632812e+01 5.828025341033935547e-01
3.000000000000000000e+01 4.140127563476562500e+01 5.859872698783874512e-01
3.100000000000000000e+01 4.267515945434570312e+01 5.732483863830566406e-01
3.200000000000000000e+01 4.235668945312500000e+01 5.764331221580505371e-01
3.300000000000000000e+01 4.299362945556640625e+01 5.700637102127075195e-01
3.400000000000000000e+01 3.917197418212890625e+01 6.082802414894104004e-01
3.500000000000000000e+01 4.044586181640625000e+01 5.955414175987243652e-01
3.600000000000000000e+01 5.960702300071716309e-01 7.356687784194946289e-01
3.700000000000000000e+01 5.767011046409606934e-01 7.165605425834655762e-01
3.800000000000000000e+01 4.546948075294494629e-01 7.738853693008422852e-01
3.900000000000000000e+01 3.968968987464904785e-01 8.184713721275329590e-01
4.000000000000000000e+01 2.964113056659698486e-01 8.694267868995666504e-01
4.100000000000000000e+01 2.528367638587951660e-01 8.980891704559326172e-01
4.200000000000000000e+01 2.009732723236083984e-01 9.171974658966064453e-01
4.300000000000000000e+01 2.002344578504562378e-01 9.299362897872924805e-01
4.400000000000000000e+01 1.692897230386734009e-01 9.299362897872924805e-01
4.500000000000000000e+01 1.361157596111297607e-01 9.490445852279663086e-01
4.600000000000000000e+01 1.373170465230941772e-01 9.426751732826232910e-01
4.700000000000000000e+01 8.165442198514938354e-02 9.777070283889770508e-01
4.800000000000000000e+01 1.043261662125587463e-01 9.554140567779541016e-01
4.900000000000000000e+01 6.191691011190414429e-02 9.872611761093139648e-01
5.000000000000000000e+01 4.883211478590965271e-02 9.840764403343200684e-01
5.100000000000000000e+01 4.546508193016052246e-02 9.872611761093139648e-01
5.200000000000000000e+01 3.659329563379287720e-02 9.904458522796630859e-01
5.300000000000000000e+01 4.153442010283470154e-02 9.936305880546569824e-01
5.400000000000000000e+01 1.546075288206338882e-02 1.000000000000000000e+00
5.500000000000000000e+01 1.105326041579246521e-02 1.000000000000000000e+00
5.600000000000000000e+01 7.907790131866931915e-03 1.000000000000000000e+00
5.700000000000000000e+01 4.653234034776687622e-03 1.000000000000000000e+00
5.800000000000000000e+01 3.282050136476755142e-03 1.000000000000000000e+00
5.900000000000000000e+01 2.454154426231980324e-03 1.000000000000000000e+00
6.000000000000000000e+01 2.827123040333390236e-03 1.000000000000000000e+00
6.100000000000000000e+01 1.087490469217300415e-02 9.968153238296508789e-01
6.200000000000000000e+01 2.386745531111955643e-03 1.000000000000000000e+00
6.300000000000000000e+01 1.220344565808773041e-03 1.000000000000000000e+00
6.400000000000000000e+01 8.873654878698289394e-04 1.000000000000000000e+00
6.500000000000000000e+01 1.202167244628071785e-03 1.000000000000000000e+00
6.600000000000000000e+01 5.683840136043727398e-04 1.000000000000000000e+00
6.700000000000000000e+01 3.422820009291172028e-04 1.000000000000000000e+00
6.800000000000000000e+01 3.027095226570963860e-04 1.000000000000000000e+00
6.900000000000000000e+01 3.139448526781052351e-04 1.000000000000000000e+00
7.000000000000000000e+01 3.053870750591158867e-04 1.000000000000000000e+00
7.100000000000000000e+01 1.281182921957224607e-04 1.000000000000000000e+00
7.200000000000000000e+01 1.352167455479502678e-04 1.000000000000000000e+00
7.300000000000000000e+01 9.905135084409266710e-05 1.000000000000000000e+00
7.400000000000000000e+01 8.445963612757623196e-05 1.000000000000000000e+00
7.500000000000000000e+01 1.000720731099136174e-04 1.000000000000000000e+00
7.600000000000000000e+01 1.343868323601782322e-03 1.000000000000000000e+00
7.700000000000000000e+01 2.520846028346568346e-04 1.000000000000000000e+00
7.800000000000000000e+01 2.785757824312895536e-04 1.000000000000000000e+00
7.900000000000000000e+01 1.318677823292091489e-04 1.000000000000000000e+00
8.000000000000000000e+01 1.472175645176321268e-04 1.000000000000000000e+00
8.100000000000000000e+01 7.954184547998011112e-05 1.000000000000000000e+00
8.200000000000000000e+01 7.354197441600263119e-05 1.000000000000000000e+00
8.300000000000000000e+01 8.246266224887222052e-05 1.000000000000000000e+00
8.400000000000000000e+01 8.768527914071455598e-05 1.000000000000000000e+00
8.500000000000000000e+01 5.066898665972985327e-05 1.000000000000000000e+00
8.600000000000000000e+01 6.384315929608419538e-05 1.000000000000000000e+00
8.700000000000000000e+01 4.329418879933655262e-05 1.000000000000000000e+00
8.800000000000000000e+01 1.983621768886223435e-05 1.000000000000000000e+00
8.900000000000000000e+01 2.377298551436979324e-05 1.000000000000000000e+00
9.000000000000000000e+01 2.003858571697492152e-05 1.000000000000000000e+00
9.100000000000000000e+01 1.901429459394421428e-05 1.000000000000000000e+00
9.200000000000000000e+01 1.909950515255331993e-05 1.000000000000000000e+00
9.300000000000000000e+01 1.840008917497470975e-05 1.000000000000000000e+00
9.400000000000000000e+01 9.996890184993389994e-06 1.000000000000000000e+00
9.500000000000000000e+01 5.348380454961443320e-06 1.000000000000000000e+00
9.600000000000000000e+01 5.442343535833060741e-06 1.000000000000000000e+00
9.700000000000000000e+01 5.399115252657793462e-06 1.000000000000000000e+00
9.800000000000000000e+01 3.497349098324775696e-06 1.000000000000000000e+00
9.900000000000000000e+01 3.187173888363759033e-06 1.000000000000000000e+00
